R:
1
1
5
Dot: 0
 R Past:
0
0
0
Current:
 0.708901
-0.284691
-0.645299 
_________
EVal:
  (0.00239699,0)
(-3.49938e-05,0)
 (-0.00236199,0)
 EVec
 (0.700833,0)  (0.650356,0) (-0.293038,0)
(-0.285697,0)  (0.632332,0)  (0.720093,0)
(-0.653613,0)  (0.420945,0) (-0.628964,0)
R:
 1.03544
0.985766
 4.96774
Dot: 0.999754
 R Past:
 0.708901
-0.284691
-0.645299
Current:
 0.693436
-0.286498
 -0.66111 
_________
EVal:
  (0.00250071,0)
(-7.20775e-05,0)
 (-0.00242862,0)
 EVec
 (0.685393,0)  (-0.66255,0)   (-0.3021,0)
(-0.287286,0) (-0.627258,0)  (0.723888,0)
(-0.669106,0) (-0.409358,0)  (-0.62026,0)
R:
 1.07012
0.971441
 4.93468
Dot: 0.999765
 R Past:
 0.693436
-0.286498
 -0.66111
Current:
 0.678016
-0.287898
 -0.67632 
_________
EVal:
   (0.0026107,0)
(-0.000111388,0)
 (-0.00249929,0)
 EVec
 (0.669997,0)  (-0.67414,0) (-0.310867,0)
(-0.288487,0) (-0.622279,0)  (0.727698,0)
(-0.684017,0) (-0.397875,0) (-0.611406,0)
R:
 1.10402
0.957047
 4.90087
Dot: 0.999774
 R Past:
 0.678016
-0.287898
 -0.67632
Current:
 0.662642
-0.288925
-0.690962 
_________
EVal:
  (0.00272733,0)
(-0.000153073,0)
 (-0.00257423,0)
 EVec
 (0.654647,0)   (0.68517,0) (-0.319341,0)
(-0.289332,0)  (0.617386,0)   (0.73152,0)
(-0.698372,0)  (0.386492,0) (-0.602412,0)
R:
 1.13715
0.942601
 4.86632
Dot: 0.999783
 R Past:
 0.662642
-0.288925
-0.690962
Current:
 0.647312
-0.289612
-0.705062 
_________
EVal:
    (0.002851,0)
(-0.000197293,0)
 (-0.00265366,0)
 EVec
  (0.63934,0) (-0.695682,0) (-0.327521,0)
(-0.289853,0) (-0.612575,0)  (0.735349,0)
  (-0.7122,0) (-0.375205,0) (-0.593289,0)
R:
1.16951
0.92812
4.83107
Dot: 0.999791
 R Past:
 0.647312
-0.289612
-0.705062
Current:
 0.632025
-0.289989
-0.718646 
_________
EVal:
  (0.00298213,0)
(-0.000244223,0)
 (-0.00273785,0)
 EVec
 (0.624076,0)  (0.705713,0) (-0.335407,0)
(-0.290078,0)  (0.607836,0)  (0.739182,0)
(-0.725523,0)  (0.364011,0) (-0.584048,0)
R:
 1.20111
0.913621
 4.79513
Dot: 0.999798
 R Past:
 0.632025
-0.289989
-0.718646
Current:
 0.616779
-0.290082
-0.731735 
_________
EVal:
   (0.0031212,0)
(-0.000294051,0)
 (-0.00282708,0)
 EVec
 (0.608852,0)  (0.715297,0)    (-0.343,0)
(-0.290033,0)  (0.603165,0)  (0.743016,0)
(-0.738363,0)  (0.352906,0) (-0.574698,0)
R:
 1.23195
0.899117
 4.75855
Dot: 0.999805
 R Past:
 0.616779
-0.290082
-0.731735
Current:
 0.601573
-0.289917
-0.744351 
_________
EVal:
   (0.0032687,0)
(-0.000346979,0)
 (-0.00292164,0)
 EVec
 (0.593667,0)  (0.724465,0)   (-0.3503,0)
(-0.289741,0)  (0.598553,0)   (0.74685,0)
(-0.750739,0)  (0.341884,0) (-0.565248,0)
R:
 1.26203
0.884622
 4.72133
Dot: 0.999811
 R Past:
 0.601573
-0.289917
-0.744351
Current:
 0.586406
-0.289514
-0.756511 
_________
EVal:
  (0.00342517,0)
(-0.000403229,0)
 (-0.00302185,0)
 EVec
  (0.57852,0)  (0.733244,0) (-0.357306,0)
(-0.289222,0)  (0.593995,0)   (0.75068,0)
 (-0.76267,0)  (0.330942,0) (-0.555708,0)
R:
 1.29135
0.870146
 4.68351
Dot: 0.999951
 R Past:
 0.586406
-0.289514
-0.756511
Current:
 0.578595
-0.289229
 -0.76261 
_________
EVal:
  (0.00351983,0)
(-0.000437478,0)
 (-0.00308224,0)
 EVec
(-0.569728,0) (-0.738182,0) (-0.361246,0)
 (0.288823,0) (-0.591365,0)  (0.752907,0)
  (0.76941,0) (-0.324616,0) (-0.550121,0)
R:
  1.3081
0.861771
 4.66142
Dot: -0.999341
 R Past:
 0.578595
-0.289229
 -0.76261
Current:
-0.549519
 0.287852
 0.784328 True
_________
EVal:
  (0.00361929,0)
(-0.000472683,0)
  (-0.0031465,0)
 EVec
(-0.561122,0) (-0.742904,0) (-0.365015,0)
 (0.288373,0) (-0.588808,0)   (0.75508,0)
 (0.775876,0) (-0.318431,0) (-0.544627,0)
R:
 1.32403
0.853431
  4.6387
Dot: -0.999891
 R Past:
 0.549519
-0.287852
-0.784328
Current:
-0.561449
   0.2884
 0.775629 True
_________
EVal:
  (0.00369288,0)
(-0.000499341,0)
 (-0.00319343,0)
 EVec
(-0.554738,0) (-0.746341,0)  (-0.36775,0)
 (0.287996,0) (-0.586913,0)  (0.756698,0)
 (0.780592,0) (-0.313859,0) (-0.540526,0)
R:
 1.33587
0.847348
 4.62234
Dot: -1
 R Past:
 0.561449
  -0.2884
-0.775629
Current:
-0.561984
 0.288416
 0.775236 True
_________
EVal:
  (0.00387345,0)
(-0.000565665,0)
 (-0.00330765,0)
 EVec
(-0.539458,0)  (-0.75435,0) (-0.374088,0)
 (0.286952,0) (-0.582386,0)  (0.760581,0)
 (0.791608,0) (-0.302957,0) (-0.530636,0)
R:
 1.36397
0.832928
 4.58358
Dot: -0.99982
 R Past:
 0.561984
-0.288416
-0.775236
Current:
-0.546685
 0.287459
  0.78645 True
_________
EVal:
 (0.00406515,0)
(-0.00063621,0)
(-0.00342879,0)
 EVec
(-0.524213,0) (-0.762041,0) (-0.380124,0)
 (0.285738,0) (-0.577891,0)  (0.764458,0)
 (0.802218,0) (-0.292123,0) (-0.520682,0)
R:
  1.3913
0.818555
 4.54426
Dot: -0.999825
 R Past:
 0.546685
-0.287459
 -0.78645
Current:
-0.531422
 0.286323
 0.797252 True
_________
EVal:
  (0.00426875,0)
(-0.000711282,0)
  (-0.0035573,0)
 EVec
(-0.509002,0) (-0.769435,0)  (-0.38586,0)
 (0.284368,0) (-0.573421,0)  (0.768325,0)
 (0.812436,0) (-0.281353,0) (-0.510675,0)
R:
 1.41787
0.804239
 4.50439
Dot: -0.999829
 R Past:
 0.531422
-0.286323
-0.797252
Current:
-0.516193
 0.285025
 0.807654 True
_________
EVal:
  (0.00448504,0)
(-0.000791213,0)
 (-0.00369366,0)
 EVec
 (0.493824,0)  (0.776548,0) (-0.391295,0)
(-0.282856,0)   (0.56897,0)  (0.772183,0)
(-0.822272,0)  (0.270642,0) (-0.500622,0)
R:
 1.44368
0.789988
 4.46401
Dot: 0.999377
 R Past:
 0.516193
-0.285025
-0.807654
Current:
 0.486669
-0.282101
-0.826784 
_________
EVal:
  (0.00471706,0)
(-0.000876052,0)
 (-0.00384081,0)
 EVec
 (0.478904,0)   (0.78329,0) (-0.396369,0)
(-0.281255,0)  (0.564616,0)  (0.775954,0)
(-0.831593,0)  (0.260126,0) (-0.490701,0)
R:
 1.46801
0.775883
 4.42267
Dot: 0.999959
 R Past:
 0.486669
-0.282101
-0.826784
Current:
 0.478979
-0.281264
-0.831547 
_________
EVal:
  (0.00485775,0)
(-0.000927802,0)
 (-0.00392974,0)
 EVec
(-0.470238,0) (-0.787101,0) (-0.399185,0)
 (0.280268,0) (-0.562084,0)  (0.778146,0)
 (0.836855,0) (-0.254035,0) (-0.484912,0)
R:
 1.48188
0.767739
 4.39859
Dot: -0.999934
 R Past:
 0.478979
-0.281264
-0.831547
Current:
-0.469206
  0.28015
 0.837473 True
_________
EVal:
(-0.000981514,0)
  (0.00500366,0)
 (-0.00402192,0)
 EVec
(-0.790827,0)  (0.461592,0) (-0.401902,0)
(-0.559558,0) (-0.279246,0)  (0.780331,0)
(-0.247965,0) (-0.841994,0) (-0.479123,0)
R:
 1.49547
0.759627
 4.37434
Dot: 0.999852
 R Past:
 0.469206
 -0.28015
-0.837473
Current:
 0.454466
-0.278376
-0.846148 
_________
EVal:
 (-0.0010791,0)
 (0.00526874,0)
(-0.00418939,0)
 EVec
(-0.797061,0)  (0.446733,0) (-0.406354,0)
(-0.555216,0)  (-0.27741,0)  (0.784078,0)
(-0.237547,0) (-0.850572,0) (-0.469146,0)
R:
 1.51819
0.745708
 4.33204
Dot: 0.999853
 R Past:
 0.454466
-0.278376
-0.846148
Current:
  0.43962
-0.276494
-0.854567 
_________
EVal:
(-0.00118332,0)
 (0.00555092,0)
(-0.00436733,0)
 EVec
(-0.803078,0)  (0.431901,0)  (-0.41052,0)
(-0.550872,0) (-0.275479,0)  (0.787815,0)
(-0.227168,0) (-0.858821,0) (-0.459153,0)
R:
 1.54017
0.731883
 4.28931
Dot: 0.999856
 R Past:
  0.43962
-0.276494
-0.854567
Current:
   0.4248
-0.274522
 -0.86266 
_________
EVal:
(-0.00129468,0)
 (0.00585142,0)
(-0.00455646,0)
 EVec
 (-0.80889,0)  (0.417095,0) (-0.414401,0)
 (-0.54652,0) (-0.273463,0)  (0.791539,0)
(-0.216824,0) (-0.866747,0) (-0.449152,0)
R:
 1.56141
0.718157
 4.24618
Dot: 0.999858
 R Past:
   0.4248
-0.274522
 -0.86266
Current:
 0.410007
-0.272467
-0.870434 
_________
EVal:
(-0.00141373,0)
 (0.00617162,0)
(-0.00475758,0)
 EVec
(-0.814506,0)  (0.402316,0) (-0.417997,0)
(-0.542155,0) (-0.271367,0)  (0.795253,0)
(-0.206512,0) (-0.874358,0) (-0.439148,0)
R:
 1.58191
0.704534
 4.20266
Dot: 0.999861
 R Past:
 0.410007
-0.272467
-0.870434
Current:
  0.39524
-0.270337
-0.877897 
_________
EVal:
(-0.00154107,0)
 (0.00651296,0)
(-0.00497155,0)
 EVec
(-0.819935,0)  (0.387562,0)  (-0.42131,0)
(-0.537774,0)   (-0.2692,0)  (0.798956,0)
(-0.196229,0) (-0.881661,0) (-0.429148,0)
R:
 1.60167
0.691018
 4.15876
Dot: 0.999964
 R Past:
  0.39524
-0.270337
-0.877897
Current:
 0.387638
 -0.26921
-0.881625 
_________
EVal:
(-0.00161891,0)
 (0.00672051,0)
(-0.00510125,0)
 EVec
(-0.823013,0)   (0.37899,0) (-0.423104,0)
(-0.535211,0) (-0.267905,0)  (0.801109,0)
(-0.190261,0) (-0.885773,0) (-0.423329,0)
R:
  1.6129
0.683222
 4.13323
Dot: -0.999257
 R Past:
 0.387638
 -0.26921
-0.881625
Current:
-0.352984
 0.263878
 0.897647 True
_________
EVal:
(-0.00167197,0)
 (0.00686422,0)
(-0.00519189,0)
 EVec
(-0.824947,0) (-0.373497,0) (-0.424219,0)
(-0.533582,0)  (0.267081,0)   (0.80247,0)
(-0.186419,0)  (0.888351,0) (-0.419619,0)
R:
 1.61967
0.678161
 4.11602
Dot: -0.999745
 R Past:
 0.352984
-0.263878
-0.897647
Current:
-0.373361
 0.267058
 0.888415 True
_________
EVal:
 (-0.0017551,0)
 (0.00708522,0)
(-0.00532974,0)
 EVec
 (0.827928,0)  (-0.36494,0) (-0.425857,0)
 (0.531006,0)  (0.265752,0)  (0.804617,0)
 (0.180464,0)  (0.892298,0) (-0.413809,0)
R:
 1.63048
0.670428
 4.09029
Dot: -0.99996
 R Past:
 0.373361
-0.267058
-0.888415
Current:
-0.365267
 0.265804
 0.892148 True
_________
EVal:
(-0.00181775,0)
 (0.00725158,0)
(-0.00543343,0)
 EVec
 (0.830062,0) (-0.358717,0) (-0.426989,0)
 (0.529126,0)  (0.264774,0)  (0.806176,0)
 (0.176134,0)  (0.895107,0) (-0.409585,0)
R:
 1.63818
0.664822
 4.07148
Dot: -1
 R Past:
 0.365267
-0.265804
-0.892148
Current:
-0.365244
 0.265797
  0.89216 True
_________
EVal:
(-0.00197391,0)
 (0.00766267,0)
(-0.00568834,0)
 EVec
 (0.835069,0) (-0.343806,0) (-0.429484,0)
 (0.524574,0)  (0.262369,0)  (0.809929,0)
 (0.165776,0)  (0.901643,0) (-0.399448,0)
R:
 1.65644
0.651533
 4.02687
Dot: -0.999873
 R Past:
 0.365244
-0.265797
 -0.89216
Current:
-0.350847
   0.2635
 0.898596 True
_________
EVal:
(-0.00214121,0)
 (0.00810162,0)
(-0.00595996,0)
 EVec
 (0.839917,0) (-0.328914,0) (-0.431688,0)
 (0.519982,0)   (0.25991,0)  (0.813674,0)
 (0.155428,0)  (0.907889,0) (-0.389332,0)
R:
 1.67399
0.638358
 3.98194
Dot: -0.999866
 R Past:
 0.350847
  -0.2635
-0.898596
Current:
-0.33594
0.261064
0.904981 True
_________
EVal:
(-0.00232055,0)
(-0.00624969,0)
 (0.00857073,0)
 EVec
 (0.844607,0)  (0.433604,0) (-0.314049,0)
 (0.515351,0) (-0.817408,0)  (0.257406,0)
 (0.145093,0)  (0.379252,0)  (0.913847,0)
R:
 1.69078
0.625305
 3.93669
Dot: -0.999868
 R Past:
  0.33594
-0.261064
-0.904981
Current:
-0.32106
 0.25858
0.911074 True
_________
EVal:
 (-0.0025129,0)
 (0.00907234,0)
(-0.00655891,0)
 EVec
 (0.849145,0)  (0.299211,0) (-0.435231,0)
 (0.510677,0)  (-0.25486,0)  (0.821131,0)
 (0.134768,0) (-0.919521,0) (-0.369213,0)
R:
 1.70684
0.612376
 3.89114
Dot: 0.183675
 R Past:
  0.32106
 -0.25858
-0.911074
Current:
0.960418
-0.20022
0.193672 
_________
EVal:
(-0.00251319,0)
 (0.00907149,0)
(-0.00655778,0)
 EVec
 (0.849188,0) (-0.299086,0) (-0.435233,0)
 (0.510625,0)  (0.254827,0)  (0.821173,0)
 (0.134692,0)  (0.919571,0) (-0.369116,0)
R:
 1.70716
0.612308
  3.8912
Dot: -0.167643
 R Past:
0.960418
-0.20022
0.193672
Current:
-0.306082
  0.25602
 0.916934 
_________
EVal:
(-0.00232106,0)
 (0.00856672,0)
(-0.00624517,0)
 EVec
 (0.844746,0) (-0.313661,0) (-0.433613,0)
 (0.515188,0)  (0.257301,0)  (0.817544,0)
 (0.144863,0)  (0.914009,0) (-0.378948,0)
R:
 1.69186
0.625109
 3.93705
Dot: 0.999874
 R Past:
-0.306082
  0.25602
 0.916934
Current:
-0.32067
0.258476
0.911242 
_________
EVal:
(-0.00214203,0)
 (0.00809479,0)
(-0.00595231,0)
 EVec
 (0.840157,0) (-0.328262,0) (-0.431718,0)
  (0.51971,0)  (0.259735,0)  (0.813904,0)
 (0.155041,0)  (0.908175,0) (-0.388819,0)
R:
 1.67582
0.638032
 3.98261
Dot: 0.999872
 R Past:
-0.32067
0.258476
0.911242
Current:
-0.335282
 0.260889
 0.905275 
_________
EVal:
(-0.00197511,0)
 (0.00765331,0)
(-0.00567778,0)
 EVec
 (0.835416,0) (-0.342887,0) (-0.429544,0)
 (0.524193,0)  (0.262126,0)  (0.810254,0)
 (0.165231,0)  (0.902064,0) (-0.398723,0)
R:
 1.65906
0.651077
 4.02787
Dot: 0.99987
 R Past:
-0.335282
 0.260889
 0.905275
Current:
-0.34992
0.263256
0.899029 
_________
EVal:
(-0.00181939,0)
 (0.00724007,0)
(-0.00542029,0)
 EVec
 (0.830518,0) (-0.357537,0) (-0.427092,0)
 (0.528643,0)  (0.264467,0)  (0.806594,0)
 (0.175435,0)   (0.89567,0) (-0.408654,0)
R:
 1.64156
0.664239
 4.07282
Dot: 0.999869
 R Past:
-0.34992
0.263256
0.899029
Current:
-0.364582
 0.265573
 0.892497 
_________
EVal:
(-0.00167405,0)
 (0.00685305,0)
(-0.00517864,0)
 EVec
(-0.825455,0)  (0.372212,0) (-0.424361,0)
(-0.533062,0) (-0.266755,0)  (0.802923,0)
(-0.185657,0) (-0.888988,0) (-0.418607,0)
R:
 1.62334
0.677518
 4.11745
Dot: 0.999795
 R Past:
-0.364582
 0.265573
 0.892497
Current:
-0.346261
 0.262685
 0.900611 
_________
EVal:
(-0.00162112,0)
 (0.00670928,0)
 (-0.0050878,0)
 EVec
(-0.823542,0)  (0.377662,0) (-0.423262,0)
(-0.534676,0) (-0.267571,0)  (0.801578,0)
(-0.189472,0) (-0.886441,0) (-0.422283,0)
R:
 1.61669
0.682556
 4.13472
Dot: -0.735809
 R Past:
-0.346261
 0.262685
 0.900611
Current:
 0.869496
-0.293894
-0.396991 
_________
EVal:
(-0.00162126,0)
 (0.00670949,0)
(-0.00508787,0)
 EVec
(-0.823552,0)  (0.377636,0) (-0.423266,0)
(-0.534667,0) (-0.267566,0)  (0.801585,0)
(-0.189456,0) (-0.886453,0) (-0.422265,0)
R:
 1.61675
0.682538
  4.1347
Dot: 1
 R Past:
 0.869496
-0.293894
-0.396991
Current:
 0.869506
-0.293791
-0.397047 
_________
EVal:
 (-0.0016214,0)
  (0.0067097,0)
(-0.00508794,0)
 EVec
(-0.823561,0)   (0.37761,0)  (-0.42327,0)
(-0.534659,0) (-0.267561,0)  (0.801593,0)
(-0.189439,0) (-0.886466,0) (-0.422246,0)
R:
 1.6168
0.68252
4.13467
Dot: -0.739838
 R Past:
 0.869506
-0.293791
-0.397047
Current:
-0.351644
 0.263531
 0.898275 
_________
EVal:
(-0.00156986,0)
 (0.00656947,0)
(-0.00499927,0)
 EVec
(-0.821625,0)  (0.383063,0) (-0.422132,0)
(-0.536269,0) (-0.268369,0)  (0.800246,0)
(-0.193257,0) (-0.883878,0) (-0.425924,0)
R:
 1.61006
0.687574
  4.1519
Dot: 0.999982
 R Past:
-0.351644
 0.263531
 0.898275
Current:
-0.357081
  0.26438
 0.895877 
_________
EVal:
(-0.00151966,0)
  (0.0064327,0)
(-0.00491271,0)
 EVec
(-0.819664,0)  (0.388519,0) (-0.420957,0)
(-0.537877,0) (-0.269168,0)  (0.798897,0)
(-0.197078,0)  (-0.88125,0) (-0.429603,0)
R:
 1.60321
0.692645
 4.16908
Dot: -0.999352
 R Past:
-0.357081
  0.26438
 0.895877
Current:
 0.389405
-0.269301
-0.880818 True
_________
EVal:
(-0.00146572,0)
 (0.00628801,0)
(-0.00482196,0)
 EVec
(-0.817402,0)  (0.394711,0) (-0.419592,0)
(-0.539716,0) (-0.270083,0)  (0.797347,0)
(-0.201397,0) (-0.878213,0) (-0.433798,0)
R:
   1.595
0.698325
 4.18766
Dot: -0.999998
 R Past:
-0.389405
 0.269301
 0.880818
Current:
 0.387654
-0.269037
-0.881671 True
_________
EVal:
 (-0.0013441,0)
 (0.00595827,0)
(-0.00461387,0)
 EVec
(-0.811994,0)  (0.409206,0) (-0.416192,0)
(-0.543984,0) (-0.272153,0)  (0.793734,0)
(-0.211532,0) (-0.870909,0) (-0.443589,0)
R:
 1.57561
0.711776
 4.23174
Dot: -0.999867
 R Past:
-0.387654
 0.269037
 0.881671
Current:
 0.402138
-0.271141
 -0.87451 True
_________
EVal:
(-0.00123043,0)
 (0.00564894,0)
(-0.00441823,0)
 EVec
(-0.806403,0)  (0.423723,0)  (-0.41252,0)
(-0.548239,0) (-0.274152,0)  (0.790111,0)
(-0.221695,0) (-0.863307,0) (-0.453379,0)
R:
 1.55551
0.725333
 4.27547
Dot: -0.999865
 R Past:
-0.402138
 0.271141
  0.87451
Current:
 0.416646
-0.273176
-0.867053 True
_________
EVal:
(-0.00112413,0)
 (0.00535859,0)
 (-0.0042342,0)
 EVec
(-0.800619,0)  (0.438265,0) (-0.408575,0)
(-0.552483,0) (-0.276073,0)  (0.786477,0)
(-0.231889,0) (-0.855399,0) (-0.463163,0)
R:
 1.53467
0.738992
 4.31882
Dot: -0.999862
 R Past:
-0.416646
 0.273176
 0.867053
Current:
 0.431177
-0.275136
-0.859294 True
_________
EVal:
(-0.00102469,0)
 (0.00508593,0)
(-0.00406101,0)
 EVec
(-0.794631,0)  (0.452831,0) (-0.404358,0)
(-0.556723,0) (-0.277908,0)  (0.782833,0)
(-0.242116,0) (-0.847179,0) (-0.472936,0)
R:
 1.51312
0.752749
 4.36178
Dot: -0.99986
 R Past:
-0.431177
 0.275136
 0.859294
Current:
 0.445732
-0.277014
-0.851226 True
_________
EVal:
  (0.00482977,0)
(-0.000931601,0)
 (-0.00389796,0)
 EVec
(-0.467421,0) (-0.788432,0) (-0.399866,0)
 (0.279649,0) (-0.560963,0)  (0.779177,0)
 (0.838638,0) (-0.252381,0)  (-0.48269,0)
R:
 1.49083
0.766599
 4.40435
Dot: 0.999712
 R Past:
-0.445732
 0.277014
 0.851226
Current:
-0.466393
 0.279531
  0.83925 
_________
EVal:
  (0.00468923,0)
(-0.000880288,0)
 (-0.00380874,0)
 EVec
 (0.475967,0)    (0.7847,0) (-0.397117,0)
(-0.280628,0)  (0.563451,0)  (0.777027,0)
(-0.833489,0)  (0.258397,0) (-0.488393,0)
R:
 1.47732
0.774693
 4.42865
Dot: -0.999994
 R Past:
-0.466393
 0.279531
  0.83925
Current:
  0.46939
-0.279848
-0.837472 True
_________
EVal:
  (0.00445694,0)
(-0.000796327,0)
 (-0.00366043,0)
 EVec
 (0.490605,0)  (0.778136,0) (-0.392188,0)
(-0.282205,0)  (0.567703,0)  (0.773352,0)
(-0.824419,0)  (0.268733,0) (-0.498112,0)
R:
 1.45386
0.788684
 4.47051
Dot: -0.999863
 R Past:
-0.46939
0.279848
0.837472
Current:
 0.483477
-0.281441
-0.828879 True
_________
EVal:
  (0.00423835,0)
(-0.000717635,0)
 (-0.00352055,0)
 EVec
(-0.505263,0) (-0.771331,0) (-0.386985,0)
 (0.283663,0) (-0.571965,0)  (0.769669,0)
 (0.815012,0) (-0.279112,0) (-0.507791,0)
R:
 1.42968
0.802755
 4.51196
Dot: 0.999404
 R Past:
-0.483477
 0.281441
 0.828879
Current:
-0.512423
 0.284333
 0.810294 
_________
EVal:
  (0.00403442,0)
(-0.000643476,0)
 (-0.00339079,0)
 EVec
(-0.520172,0) (-0.764154,0) (-0.381431,0)
 (0.285028,0) (-0.576327,0)  (0.765902,0)
 (0.805096,0) (-0.289683,0) (-0.517594,0)
R:
 1.40406
0.816972
 4.55247
Dot: 0.999837
 R Past:
-0.512423
 0.284333
 0.810294
Current:
-0.527347
  0.28563
   0.8002 
_________
EVal:
  (0.00384241,0)
(-0.000573847,0)
 (-0.00326843,0)
 EVec
(-0.535112,0) (-0.756695,0)  (-0.37559,0)
 (0.286248,0) (-0.580712,0)  (0.762126,0)
 (0.794807,0) (-0.300311,0) (-0.527348,0)
R:
  1.3777
0.831253
 4.59248
Dot: 0.999833
 R Past:
-0.527347
  0.28563
   0.8002
Current:
-0.542302
 0.286775
 0.789727 
_________
EVal:
  (0.00366156,0)
(-0.000508437,0)
 (-0.00315301,0)
 EVec
(-0.550083,0) (-0.748937,0) (-0.369462,0)
 (0.287309,0) (-0.585126,0)  (0.758341,0)
 (0.784131,0) (-0.311001,0) (-0.537044,0)
R:
 1.35058
0.845592
 4.63197
Dot: 0.999828
 R Past:
-0.542302
 0.286775
 0.789727
Current:
-0.55729
0.287755
0.778861 
_________
EVal:
  (0.00349117,0)
(-0.000446962,0)
 (-0.00304411,0)
 EVec
(-0.565087,0) (-0.740861,0) (-0.363045,0)
 (0.288198,0) (-0.589574,0)  (0.754549,0)
 (0.773058,0) (-0.321757,0) (-0.546675,0)
R:
 1.32272
0.859979
 4.67091
Dot: 0.999954
 R Past:
-0.55729
0.287755
0.778861
Current:
-0.564947
 0.288194
 0.773162 
_________
EVal:
  (0.00339674,0)
(-0.000413117,0)
 (-0.00298353,0)
 EVec
 (0.573756,0)  (0.736051,0) (-0.359213,0)
(-0.288624,0)  (0.592157,0)  (0.752361,0)
(-0.766486,0)  (0.327994,0) (-0.552195,0)
R:
 1.30636
0.868324
  4.6933
Dot: -0.99936
 R Past:
-0.564947
 0.288194
 0.773162
Current:
 0.593176
-0.289526
 -0.75121 True
_________
EVal:
 (0.00330675,0)
(-0.00038014,0)
(-0.00292652,0)
 EVec
 (0.582611,0)  (0.731021,0) (-0.355208,0)
(-0.288999,0)  (0.594814,0)  (0.750117,0)
(-0.759634,0)  (0.334372,0) (-0.557809,0)
R:
 1.28917
0.876713
 4.71506
Dot: -0.999902
 R Past:
-0.593176
 0.289526
  0.75121
Current:
 0.582248
-0.288993
-0.759915 True
_________
EVal:
  (0.00324225,0)
(-0.000357051,0)
 (-0.00288511,0)
 EVec
 (0.588948,0)   (0.72735,0) (-0.352282,0)
(-0.289217,0)  (0.596719,0)  (0.748519,0)
(-0.754648,0)  (0.338953,0) (-0.561798,0)
R:
 1.27689
0.882808
 4.73109
Dot: -1
 R Past:
-0.582248
 0.288993
 0.759915
Current:
 0.581724
-0.288959
-0.760329 True
_________
EVal:
  (0.00309437,0)
(-0.000304939,0)
 (-0.00278936,0)
 EVec
 (0.603827,0)  (0.718483,0) (-0.345219,0)
(-0.289571,0)  (0.601213,0)  (0.744776,0)
(-0.742659,0)   (0.34975,0)  (-0.57108,0)
R:
 1.24781
0.897256
 4.76911
Dot: -0.99982
 R Past:
-0.581724
 0.288959
 0.760329
Current:
 0.596587
-0.289417
-0.748546 True
_________
EVal:
  (0.00295495,0)
(-0.000255928,0)
 (-0.00269896,0)
 EVec
  (0.61874,0)  (0.709225,0) (-0.337877,0)
(-0.289696,0)  (0.605765,0)   (0.74103,0)
 (-0.73023,0)  (0.360623,0) (-0.580271,0)
R:
 1.21798
0.911726
 4.80653
Dot: -0.999814
 R Past:
-0.596587
 0.289417
 0.748546
Current:
 0.611485
-0.289657
-0.736332 True
_________
EVal:
  (0.00282345,0)
(-0.000209815,0)
 (-0.00261359,0)
 EVec
 (0.633691,0)  (0.699548,0) (-0.330255,0)
(-0.289572,0)   (0.61038,0)  (0.737282,0)
(-0.717345,0)  (0.371576,0) (-0.589362,0)
R:
  1.1874
0.926209
 4.84335
Dot: -0.999808
 R Past:
-0.611485
 0.289657
 0.736332
Current:
 0.626419
-0.289657
 -0.72367 True
_________
EVal:
  (0.00269942,0)
(-0.000166412,0)
 (-0.00253297,0)
 EVec
 (0.648678,0) (-0.689423,0) (-0.322354,0)
(-0.289176,0) (-0.615065,0)  (0.733535,0)
(-0.703984,0) (-0.382611,0) (-0.598344,0)
R:
 1.15608
0.940692
 4.87953
Dot: -0.999802
 R Past:
-0.626419
 0.289657
  0.72367
Current:
  0.64139
-0.289396
-0.710541 True
_________
EVal:
  (0.00258243,0)
(-0.000125543,0)
 (-0.00245685,0)
 EVec
 (0.663705,0)  (0.678816,0) (-0.314173,0)
(-0.288482,0)  (0.619826,0)  (0.729791,0)
(-0.690126,0)  (0.393733,0) (-0.607208,0)
R:
 1.12401
0.955161
 4.91506
Dot: -0.999795
 R Past:
-0.64139
0.289396
0.710541
Current:
 0.656399
-0.288851
-0.696926 True
_________
EVal:
  (0.00247205,0)
(-8.70468e-05,0)
 (-0.00238498,0)
 EVec
 (0.678773,0)  (0.667688,0) (-0.305712,0)
(-0.287463,0)   (0.62467,0)  (0.726053,0)
(-0.675746,0)  (0.404944,0) (-0.615944,0)
R:
  1.0912
0.969603
  4.9499
Dot: -0.999787
 R Past:
-0.656399
 0.288851
 0.696926
Current:
 0.671448
-0.287993
-0.682801 True
_________
EVal:
  (0.00236792,0)
(-5.07749e-05,0)
 (-0.00231713,0)
 EVec
 (0.693881,0)  (0.656001,0) (-0.296972,0)
(-0.286088,0)  (0.629604,0)  (0.722325,0)
 (-0.66082,0)  (0.416247,0) (-0.624544,0)
R:
 1.05762
0.984003
 4.98404
Dot: -0.999778
 R Past:
-0.671448
 0.287993
 0.682801
Current:
 0.686537
-0.286796
-0.668143 True
_________
EVal:
   (0.0022697,0)
(-1.65895e-05,0)
  (-0.0022531,0)
 EVec
 (0.709029,0) (-0.643709,0) (-0.287952,0)
(-0.284324,0) (-0.634633,0)   (0.71861,0)
 (-0.64532,0) (-0.427644,0) (-0.632995,0)
R:
  1.0233
0.998342
 5.01745
Dot: -0.999768
 R Past:
-0.686537
 0.286796
 0.668143
Current:
 0.701668
-0.285225
-0.652923 True
_________
EVal:
 (0.00217706,0)
(1.56348e-05,0)
 (-0.0021927,0)
 EVec
 (0.724218,0) (-0.630762,0)  (0.278653,0)
(-0.282134,0) (-0.639765,0) (-0.714913,0)
(-0.629213,0) (-0.439136,0)  (0.641289,0)
R:
0.988215
  1.0126
 5.05009
Dot: -0.999758
 R Past:
-0.701668
 0.285225
 0.652923
Current:
 0.716839
-0.283248
-0.637113 True
_________
EVal:
 (0.00208971,0)
(4.60149e-05,0)
(-0.00213574,0)
 EVec
 (0.739446,0)  (0.617105,0)  (0.269075,0)
(-0.279478,0)  (0.645005,0) (-0.711239,0)
(-0.612464,0)  (0.450722,0)  (0.649413,0)
R:
0.952374
 1.02677
 5.08195
Dot: -0.999746
 R Past:
-0.716839
 0.283248
 0.637113
Current:
 0.732049
-0.280823
-0.620679 True
_________
EVal:
 (0.00200739,0)
(7.46554e-05,0)
(-0.00208206,0)
 EVec
 (0.754708,0) (-0.602678,0)   (0.25922,0)
 (-0.27631,0) (-0.650357,0) (-0.707594,0)
(-0.595037,0) (-0.462401,0)  (0.657355,0)
R:
0.915772
 1.04081
 5.11298
Dot: -0.999733
 R Past:
-0.732049
 0.280823
 0.620679
Current:
 0.747297
 -0.27791
-0.603584 True
_________
EVal:
 (0.00192984,0)
(0.000101653,0)
(-0.00203151,0)
 EVec
     (0.77,0) (-0.587415,0)  (0.249087,0)
(-0.272584,0) (-0.655826,0) (-0.703982,0)
(-0.576887,0) (-0.474169,0)  (0.665105,0)
R:
0.878409
  1.0547
 5.14316
Dot: -0.999719
 R Past:
-0.747297
  0.27791
 0.603584
Current:
 0.762577
-0.274462
-0.585788 True
_________
EVal:
 (0.00185684,0)
(0.000127093,0)
(-0.00198396,0)
 EVec
(-0.785312,0)  (0.571242,0)  (0.238678,0)
 (0.268243,0)  (0.661414,0) (-0.700412,0)
  (0.55797,0)  (0.486019,0)  (0.672648,0)
R:
0.840281
 1.06842
 5.17245
Dot: 0.99881
 R Past:
-0.762577
 0.274462
 0.585788
Current:
-0.79279
0.265854
0.548458 
_________
EVal:
 (0.00178957,0)
(0.000151494,0)
 (-0.0019411,0)
 EVec
(-0.800844,0)  (0.553841,0)  (0.227835,0)
 (0.263129,0)  (0.667161,0) (-0.696892,0)
  (0.53797,0)  (0.498152,0)  (0.680024,0)
R:
0.800642
 1.08172
 5.19987
Dot: 0.999656
 R Past:
-0.79279
0.265854
0.548458
Current:
-0.808323
 0.260381
  0.52803 
_________
EVal:
 (0.00172643,0)
(0.000174501,0)
(-0.00190097,0)
 EVec
(-0.816371,0)  (0.535328,0)  (0.216708,0)
 (0.257254,0)  (0.673024,0)  (-0.69344,0)
 (0.517068,0)  (0.510355,0)  (0.687153,0)
R:
0.760228
 1.09473
 5.22627
Dot: 0.999632
 R Past:
-0.808323
 0.260381
  0.52803
Current:
-0.82384
0.254113
 0.50667 
_________
EVal:
 (0.00166728,0)
(0.000196172,0)
 (-0.0018635,0)
 EVec
(-0.831868,0)  (0.515604,0)  (0.205301,0)
 (0.250547,0)  (0.678997,0) (-0.690065,0)
 (0.495199,0)  (0.522605,0)  (0.694018,0)
R:
0.719037
 1.10744
 5.25161
Dot: 0.999605
 R Past:
-0.82384
0.254113
 0.50667
Current:
-0.839313
 0.246976
  0.48431 
_________
EVal:
 (0.00161199,0)
(0.000216551,0)
(-0.00182859,0)
 EVec
(-0.847303,0)  (0.494561,0)  (0.193616,0)
 (0.242931,0)  (0.685067,0)  (-0.68678,0)
 (0.472295,0)  (0.534876,0)  (0.700604,0)
R:
0.677073
 1.11979
 5.27582
Dot: 0.999574
 R Past:
-0.839313
 0.246976
  0.48431
Current:
-0.854705
 0.238892
  0.46088 
_________
EVal:
 (0.00156044,0)
(0.000235675,0)
(-0.00179617,0)
 EVec
(-0.862633,0)  (0.472087,0)  (0.181655,0)
 (0.234326,0)   (0.69122,0) (-0.683598,0)
 (0.448281,0)  (0.547128,0)  (0.706892,0)
R:
0.63434
1.13173
5.29886
Dot: 0.99954
 R Past:
-0.854705
 0.238892
  0.46088
Current:
-0.869966
 0.229779
 0.436305 
_________
EVal:
 (0.00151256,0)
(0.000253569,0)
(-0.00176619,0)
 EVec
(-0.877801,0)  (0.448064,0)  (0.169424,0)
 (0.224646,0)  (0.697431,0) (-0.680532,0)
 (0.423084,0)  (0.559311,0)  (0.712861,0)
R:
0.590843
 1.14322
 5.32068
Dot: 0.999501
 R Past:
-0.869966
 0.229779
 0.436305
Current:
-0.885032
  0.21955
 0.410508 
_________
EVal:
 (0.00146828,0)
(0.000270246,0)
(-0.00173859,0)
 EVec
(-0.892734,0)  (0.422373,0)  (0.156929,0)
 (0.213809,0)  (0.703666,0) (-0.677599,0)
 (0.396624,0)  (0.571363,0)  (0.718494,0)
R:
0.546594
  1.1542
  5.3412
Dot: 0.999458
 R Past:
-0.885032
  0.21955
 0.410508
Current:
-0.899821
 0.208124
 0.383414 
_________
EVal:
 (0.00142756,0)
 (0.00028571,0)
(-0.00171333,0)
 EVec
(-0.907342,0) (-0.394898,0)  (0.144175,0)
 (0.201731,0) (-0.709881,0) (-0.674814,0)
 (0.368829,0) (-0.583203,0)  (0.723768,0)
R:
0.501605
  1.1646
 5.36037
Dot: 0.99941
 R Past:
-0.899821
 0.208124
 0.383414
Current:
-0.914232
 0.195421
  0.35495 
_________
EVal:
 (0.00139037,0)
(0.000299951,0)
(-0.00169039,0)
 EVec
 (-0.92151,0)  (0.365533,0)  (0.131171,0)
 (0.188338,0)  (0.716018,0) (-0.672196,0)
  (0.33963,0)   (0.59473,0)  (0.728661,0)
R:
0.455896
 1.17437
 5.37812
Dot: 0.999358
 R Past:
-0.914232
 0.195421
  0.35495
Current:
-0.92814
0.181371
0.325055 
_________
EVal:
 (0.00135673,0)
 (0.00031295,0)
(-0.00166975,0)
 EVec
(-0.935099,0)  (0.334189,0)  (0.117928,0)
 (0.173567,0)  (0.722005,0) (-0.669763,0)
 (0.308972,0)  (0.605827,0)  (0.733151,0)
R:
0.409492
 1.18344
 5.39437
Dot: 0.999301
 R Past:
-0.92814
0.181371
0.325055
Current:
-0.941393
 0.165921
 0.293681 
_________
EVal:
 (0.00132664,0)
(0.000324674,0)
(-0.00165139,0)
 EVec
(-0.947947,0)  (0.300808,0)  (0.104459,0)
 (0.157376,0)  (0.727757,0) (-0.667535,0)
  (0.27682,0)  (0.616348,0)  (0.737215,0)
R:
0.362425
 1.19174
 5.40905
Dot: 0.99924
 R Past:
-0.941393
 0.165921
 0.293681
Current:
-0.953816
 0.149043
 0.260808 
_________
EVal:
 (0.00130016,0)
(0.000335082,0)
(-0.00163532,0)
 EVec
(-0.959863,0)  (0.265371,0) (0.0907797,0)
 (0.139754,0)  (0.733169,0) (-0.665532,0)
  (0.24317,0)  (0.626132,0)  (0.740828,0)
R:
0.314738
 1.19919
 5.42209
Dot: 0.999177
 R Past:
-0.953816
 0.149043
 0.260808
Current:
-0.965208
 0.130742
 0.226449 
_________
EVal:
 (0.00127734,0)
(0.000344124,0)
(-0.00162154,0)
 EVec
(-0.970638,0)  (0.227918,0) (0.0769081,0)
 (0.120728,0)  (0.738126,0) (-0.663773,0)
 (0.208054,0)  (0.634998,0)   (0.74397,0)
R:
0.266481
 1.20573
 5.43341
Dot: 0.999774
 R Past:
-0.965208
 0.130742
 0.226449
Current:
-0.970542
 0.120937
 0.208379 
_________
EVal:
 (0.00126548,0)
(0.000348646,0)
(-0.00161421,0)
 EVec
 (0.976256,0) (-0.205398,0) (0.0688155,0)
(-0.109129,0) (-0.740766,0) (-0.662839,0)
(-0.187122,0) (-0.639591,0)  (0.745593,0)
R:
0.238376
 1.20923
 5.43945
Dot: -0.996808
 R Past:
-0.970542
 0.120937
 0.208379
Current:
  0.986676
-0.0831785
  -0.13983 True
_________
EVal:
 (0.00125643,0)
(0.000353011,0)
(-0.00160952,0)
 EVec
  (0.981433,0)  (-0.181992,0)  (0.0605659,0)
(-0.0969291,0)  (-0.743074,0)  (-0.662152,0)
 (-0.165511,0)  (-0.643988,0)   (0.746918,0)
R:
0.209716
 1.21164
 5.44351
Dot: -0.999529
 R Past:
-0.986676
0.0831785
  0.13983
Current:
  0.981221
-0.0974913
 -0.166438 True
_________
EVal:
 (0.00124957,0)
(0.000355649,0)
 (-0.0016053,0)
 EVec
   (0.98482,0)  (-0.164768,0)  (0.0545974,0)
(-0.0879128,0)  (-0.744682,0)  (-0.661604,0)
 (-0.149669,0)  (-0.646761,0)   (0.747863,0)
R:
0.18902
 1.2137
5.44702
Dot: -0.999999
 R Past:
-0.981221
0.0974913
 0.166438
Current:
  0.980949
-0.0981302
 -0.167659 True
_________
EVal:
 (0.00123444,0)
(0.000360507,0)
(-0.00159503,0)
 EVec
  (0.991573,0)   (-0.12308,0)  (0.0404374,0)
(-0.0659255,0)  (-0.748069,0)  (-0.660339,0)
 (-0.111525,0)  (-0.652108,0)   (0.749878,0)
R:
0.139976
 1.21861
  5.4554
Dot: -0.999032
 R Past:
-0.980949
0.0981302
 0.167659
Current:
 0.988544
-0.076647
-0.130026 True
_________
EVal:
 (0.00122316,0)
(0.000363815,0)
(-0.00158706,0)
 EVec
  (0.996442,0) (-0.0801151,0)   (0.026161,0)
(-0.0430373,0)  (-0.750592,0)  (-0.659363,0)
(-0.0724612,0)  (-0.655891,0)   (0.751369,0)
R:
0.0905538
  1.22244
   5.4619
Dot: -0.998982
 R Past:
-0.988544
 0.076647
 0.130026
Current:
  0.994345
-0.0541515
-0.0913567 True
_________
EVal:
 (0.00121578,0)
 (-0.0015814,0)
(0.000365539,0)
 EVec
  (0.999273,0) (-0.0117984,0) (-0.0362575,0)
(-0.0195142,0)   (0.658691,0)  (-0.752161,0)
(-0.0327568,0)  (-0.752321,0)  (-0.657982,0)
R:
0.0408414
  1.22515
  5.46647
Dot: -0.998944
 R Past:
-0.994345
0.0541515
0.0913567
Current:
  0.998174
-0.0308856
-0.0519051 True
_________
EVal:
 (0.00121232,0)
(-0.00157806,0)
 (0.00036566,0)
 EVec
  (0.999964,0) (0.00261753,0)  (0.0080498,0)
(0.00433616,0)   (0.658332,0)  (-0.752715,0)
 (0.0072697,0)  (-0.752723,0)  (-0.658297,0)
R:
-0.00906239
    1.22669
    5.46907
Dot: -0.999602
 R Past:
-0.998174
0.0308856
0.0519051
Current:
  0.999481
-0.0164521
-0.0276879 True
_________
EVal:
 (0.00121195,0)
(0.000365212,0)
(-0.00157724,0)
 EVec
   (0.999605,0)  (-0.0267132,0) (-0.00869096,0)
  (0.0143904,0)    (0.752648,0)   (-0.658266,0)
  (0.0241256,0)    (0.657881,0)    (0.752735,0)
R:
-0.030093
  1.22704
  5.46965
Dot: -0.998161
 R Past:
-0.999481
0.0164521
0.0276879
Current:
 0.999596
0.0145683
0.0244193 True
_________
EVal:
 (0.00121362,0)
(0.000364318,0)
(-0.00157802,0)
 EVec
  (0.998484,0)  (0.0523275,0) (-0.0170495,0)
 (0.0281756,0)   (-0.75215,0)  (-0.658389,0)
 (0.0472757,0)  (-0.656911,0)   (0.752484,0)
R:
-0.0590402
   1.22661
   5.46894
Dot: -0.999991
 R Past:
 -0.999596
-0.0145683
-0.0244193
Current:
 0.999465
0.0167578
0.0281018 True
_________
EVal:
 (0.00121803,0)
(0.000361239,0)
(-0.00157935,0)
 EVec
  (0.994873,0)  (0.0961132,0) (-0.0314675,0)
 (0.0516858,0)  (-0.750652,0)  (-0.658673,0)
 (0.0869284,0)   (-0.65367,0)   (0.751771,0)
R:
-0.109008
  1.22578
  5.46754
Dot: -0.99892
 R Past:
 -0.999465
-0.0167578
-0.0281018
Current:
 0.996864
0.0404827
 0.067989 True
_________
EVal:
 (0.00122633,0)
(0.000356601,0)
(-0.00158301,0)
 EVec
  (0.989238,0)   (0.138953,0) (-0.0458325,0)
 (0.0745499,0)  (-0.748195,0)  (-0.659277,0)
    (0.1259,0)  (-0.648765,0)   (0.750502,0)
R:
-0.158847
  1.22375
  5.46414
Dot: -0.998945
 R Past:
 -0.996864
-0.0404827
 -0.067989
Current:
 0.992179
0.0637056
 0.107343 True
_________
EVal:
 (0.00123848,0)
(0.000350449,0)
(-0.00158901,0)
 EVec
  (0.981744,0)   (0.180461,0) (-0.0601101,0)
 (0.0964979,0)  (-0.744871,0)  (-0.660193,0)
  (0.163914,0)   (-0.64234,0)   (0.748687,0)
R:
-0.208451
  1.22057
  5.45877
Dot: -0.998985
 R Past:
 -0.992179
-0.0637056
 -0.107343
Current:
 0.985548
0.0861342
 0.145864 True
_________
EVal:
  (0.0012544,0)
 (0.00034284,0)
(-0.00159732,0)
 EVec
 (-0.972594,0)   (0.220331,0) (-0.0742677,0)
 (-0.117313,0)  (-0.740793,0)   (-0.66141,0)
 (-0.200746,0)  (-0.634571,0)   (0.746338,0)
R:
-0.257724
  1.21626
  5.45148
Dot: 0.996432
 R Past:
 -0.985548
-0.0861342
 -0.145864
Current:
-0.967736
-0.126704
-0.217793 
_________
EVal:
 (0.00127599,0)
 (-0.0016103,0)
(0.000334231,0)
 EVec
(-0.962098,0) (0.0881582,0) (-0.258062,0)
(-0.136639,0)  (0.663114,0)  (0.735941,0)
(-0.236004,0) (-0.743309,0)  (0.625935,0)
R:
-0.306107
  1.20993
  5.44059
Dot: 0.999167
 R Past:
-0.967736
-0.126704
-0.217793
Current:
-0.956651
-0.145367
-0.252365 
_________
EVal:
 (0.00130118,0)
(0.000324278,0)
(-0.00162553,0)
 EVec
(-0.950423,0)  (0.293802,0) (-0.101862,0)
(-0.154573,0) (-0.730611,0) (-0.665067,0)
 (-0.26982,0)  (-0.61635,0)  (0.739804,0)
